71
MT643825.1 0.00000000 0.00054050 0.00072088 0.00054050 0.00054059 0.00090154 0.00090141 0.00018011 0.00054050 0.00126311 0.00018014 0.00036029 0.00072125 0.00126320 0.00054053 0.00072077 0.00054050 0.00090109 0.00072103 0.26003604 0.00072077 0.00036028 0.00325702 0.00036031 0.33752509 0.35693923 0.00872447 0.00252941 0.02378761 0.02476339 0.02437014 0.33377053 0.33698731 0.02458620 0.33729584 0.33741108 0.32992740 0.33698731 0.29541223 0.00744660 0.02415220 0.33751712 0.36558307 0.45268949 0.35928267 0.33751712 0.33751712 0.33804700 0.33751712 0.33698731 0.00561448 0.36997723 0.37083534 0.37052796 0.37052796 0.37052796 0.37097113 0.37083534 0.02435720 0.37116030 0.37200539 0.37156862 0.37115747 0.02359769 0.02340777 0.37177253 0.00452306 0.37246547 0.33767051 0.33751712 0.33751712 
ALB790     0.00054050 0.00000000 0.00054059 0.00036028 0.00036034 0.00072113 0.00072102 0.00036028 0.00036028 0.00072146 0.00036033 0.00018012 0.00054086 0.00072151 0.00036030 0.00054050 0.00036028 0.00072077 0.00054070 0.26050994 0.00090109 0.00054050 0.00343849 0.00054055 0.33805846 0.35693923 0.00890758 0.00271050 0.02397556 0.02495190 0.02455841 0.33432872 0.33752058 0.02477762 0.33782884 0.33794427 0.33048246 0.33752058 0.29622656 0.00762934 0.02434609 0.33805047 0.36616855 0.45340746 0.35928267 0.33805047 0.33805047 0.33858043 0.33805047 0.33752058 0.00579647 0.36997433 0.37083243 0.37052506 0.37052506 0.37052506 0.37096822 0.37083243 0.02454536 0.37115739 0.37200247 0.37156571 0.37115456 0.02378557 0.02359557 0.37176962 0.00470470 0.37246255 0.33820429 0.33805047 0.33805047 
ALB1000    0.00072088 0.00054059 0.00000000 0.00018014 0.00018016 0.00054084 0.00054076 0.00054058 0.00018014 0.00090153 0.00054058 0.00036035 0.00036035 0.00126340 0.00018015 0.00036034 0.00018014 0.00054058 0.00036046 0.26098444 0.00108164 0.00072088 0.00362058 0.00072091 0.33807191 0.35738045 0.00909219 0.00289209 0.02416771 0.02494784 0.02475097 0.33434264 0.33753400 0.02477340 0.33784226 0.33795770 0.33049615 0.33753400 0.29663132 0.00781346 0.02454008 0.33806391 0.36559424 0.45435039 0.35972583 0.33806391 0.33806391 0.33859390 0.33806391 0.33753400 0.00597946 0.37037192 0.37123049 0.37092305 0.37092305 0.37092305 0.37136645 0.37123049 0.02473782 0.37155559 0.37240126 0.37196418 0.37155276 0.02397761 0.02378751 0.37216795 0.00488716 0.37278484 0.33821775 0.33806391 0.33806391 
ALB1573    0.00054050 0.00036028 0.00018014 0.00000000 0.00000066 0.00036045 0.00036040 0.00036027 0.00000066 0.00108250 0.00036033 0.00018012 0.00054085 0.00108258 0.00000066 0.00018011 0.00000066 0.00036027 0.00018018 0.26050607 0.00090109 0.00054049 0.00343846 0.00054054 0.33805780 0.35693873 0.00890756 0.00271048 0.02397550 0.02495184 0.02455835 0.33432802 0.33751991 0.02477742 0.33782818 0.33794360 0.33048175 0.33751991 0.29622597 0.00762932 0.02434590 0.33804981 0.36557771 0.45412523 0.35928218 0.33804981 0.33804981 0.33857977 0.33804981 0.33751991 0.00579645 0.36997402 0.37083212 0.37052475 0.37052475 0.37052475 0.37096791 0.37083212 0.02454530 0.37115708 0.37200216 0.37156540 0.37115425 0.02378551 0.02359552 0.37176931 0.00470468 0.37245932 0.33820363 0.33804981 0.33804981 
ALB1707    0.00054059 0.00036034 0.00018016 0.00000066 0.00000000 0.00036047 0.00036045 0.00036034 0.00000066 0.00072112 0.00036036 0.00018014 0.00018014 0.00036034 0.00000066 0.00018014 0.00000066 0.00036034 0.00018020 0.26050607 0.00090124 0.00054058 0.00343906 0.00054058 0.33805780 0.35693873 0.00890910 0.00271094 0.02397972 0.02495623 0.02456267 0.33432802 0.33751991 0.02477944 0.33782818 0.33794360 0.33048175 0.33751991 0.29622304 0.00763064 0.02434590 0.33804981 0.36557771 0.45437377 0.35928218 0.33804981 0.33804981 0.33857977 0.33804981 0.33751991 0.00579742 0.37006433 0.37092269 0.37061525 0.37061525 0.37061525 0.37105854 0.37092269 0.02454962 0.37124774 0.37209311 0.37165619 0.37124491 0.02378969 0.02359966 0.37186010 0.00470547 0.37250617 0.33820363 0.33804981 0.33804981 
ALB4192    0.00090154 0.00072113 0.00054084 0.00036045 0.00036047 0.00000000 0.00054076 0.00072112 0.00036045 0.00108236 0.00072121 0.00054076 0.00054076 0.00072113 0.00036045 0.00054076 0.00036045 0.00072112 0.00036045 0.26073768 0.00126252 0.00090153 0.00362061 0.00090155 0.33805780 0.35725814 0.00909226 0.00289211 0.02416788 0.02514496 0.02475115 0.33432802 0.33751991 0.02496974 0.33782818 0.33794360 0.33048175 0.33751991 0.29582232 0.00781351 0.02453998 0.33804981 0.36557771 0.45437386 0.35960568 0.33804981 0.33804981 0.33857977 0.33804981 0.33751991 0.00597953 0.37029697 0.37115618 0.37084850 0.37084850 0.37084850 0.37129223 0.37115618 0.02473799 0.37148154 0.37232783 0.37189044 0.37147870 0.02397778 0.02378767 0.37209440 0.00488721 0.37276799 0.33820363 0.33804981 0.33804981 
ALB4770    0.00090141 0.00072102 0.00054076 0.00036040 0.00036045 0.00054076 0.00000000 0.00072102 0.00036040 0.00108220 0.00072110 0.00054070 0.00054070 0.00126355 0.00036042 0.00054068 0.00036040 0.00072102 0.00054087 0.26050607 0.00126234 0.00090140 0.00380289 0.00090145 0.33805780 0.35693873 0.00927721 0.00307387 0.02436048 0.02533831 0.02494418 0.33432802 0.33751991 0.02496958 0.33782818 0.33794360 0.33048175 0.33751991 0.29622597 0.00799786 0.02453981 0.33804981 0.36557771 0.45558780 0.35928218 0.33804981 0.33804981 0.33857977 0.33804981 0.33751991 0.00616275 0.37053954 0.37140163 0.37109399 0.37109399 0.37109399 0.37153775 0.37140163 0.02493092 0.37172415 0.37257054 0.37213308 0.37172131 0.02417027 0.02398005 0.37233690 0.00506989 0.37301076 0.33820363 0.33804981 0.33804981 
KY829023   0.00018011 0.00036028 0.00054058 0.00036027 0.00036034 0.00072112 0.00072102 0.00000000 0.00036027 0.00108250 0.00000066 0.00018012 0.00054085 0.00108258 0.00036030 0.00054049 0.00036028 0.00072076 0.00054069 0.26003291 0.00054049 0.00018011 0.00307559 0.00018013 0.33752058 0.35648590 0.00854141 0.00234837 0.02359947 0.02457468 0.02418168 0.33376585 0.33698280 0.02439458 0.33729133 0.33740657 0.32992280 0.33698280 0.29541214 0.00726383 0.02395811 0.33751260 0.36557771 0.45268949 0.35882729 0.33751260 0.33751260 0.33804248 0.33751260 0.33698280 0.00543254 0.36965878 0.37051663 0.37020927 0.37020927 0.37020927 0.37065231 0.37051663 0.02416884 0.37084153 0.37168628 0.37124970 0.37083870 0.02340962 0.02321978 0.37145375 0.00434148 0.37214616 0.33766599 0.33751260 0.33751260 
GRC314     0.00054050 0.00036028 0.00018014 0.00000066 0.00000066 0.00036045 0.00036040 0.00036027 0.00000000 0.00108250 0.00036033 0.00018012 0.00054085 0.00108258 0.00000066 0.00018011 0.00000066 0.00036027 0.00018018 0.26050607 0.00090109 0.00054049 0.00343846 0.00054054 0.33805780 0.35693873 0.00890756 0.00271048 0.02397550 0.02495184 0.02455835 0.33432802 0.33751991 0.02477742 0.33782818 0.33794360 0.33048175 0.33751991 0.29622597 0.00762932 0.02434590 0.33804981 0.36557771 0.45412523 0.35928218 0.33804981 0.33804981 0.33857977 0.33804981 0.33751991 0.00579645 0.36997402 0.37083212 0.37052475 0.37052475 0.37052475 0.37096791 0.37083212 0.02454530 0.37115708 0.37200216 0.37156540 0.37115425 0.02378551 0.02359552 0.37176931 0.00470468 0.37245932 0.33820363 0.33804981 0.33804981 
GRC386-16  0.00126311 0.00072146 0.00090153 0.00108250 0.00072112 0.00108236 0.00108220 0.00108250 0.00108250 0.00000000 0.00072110 0.00090199 0.00054069 0.00108293 0.00108257 0.00126311 0.00108251 0.00144376 0.00090171 0.26169642 0.00162447 0.00126310 0.00416885 0.00090146 0.33948979 0.35693923 0.00964983 0.00343862 0.02475279 0.02573242 0.02533753 0.33582169 0.33895093 0.02557002 0.33925888 0.33937495 0.33196182 0.33895093 0.29727069 0.00836903 0.02474268 0.33948174 0.36778165 0.45623834 0.35928267 0.33948174 0.33948174 0.34001262 0.33948174 0.33895093 0.00653120 0.37193731 0.37279896 0.37249082 0.37249082 0.37249082 0.37293580 0.37279896 0.02532403 0.37312510 0.37397431 0.37353535 0.37312224 0.02456231 0.02437181 0.37373884 0.00543695 0.37333060 0.33963691 0.33948174 0.33948174 
GRC478     0.00018014 0.00036033 0.00054058 0.00036033 0.00036036 0.00072121 0.00072110 0.00000066 0.00036033 0.00072110 0.00000000 0.00018014 0.00018014 0.00108272 0.00036035 0.00054057 0.00036033 0.00072086 0.00054076 0.26003604 0.00054057 0.00018014 0.00307604 0.00018014 0.33752509 0.35648590 0.00854262 0.00234872 0.02360298 0.02457834 0.02418528 0.33377053 0.33698731 0.02439827 0.33729584 0.33741108 0.32992740 0.33698731 0.29540931 0.00726490 0.02395824 0.33751712 0.36558307 0.45289011 0.35882729 0.33751712 0.33751712 0.33804700 0.33751712 0.33698731 0.00543328 0.36973482 0.37059290 0.37028547 0.37028547 0.37028547 0.37072862 0.37059290 0.02417244 0.37091787 0.37176285 0.37132615 0.37091504 0.02341310 0.02322323 0.37153020 0.00434207 0.37214908 0.33767051 0.33751712 0.33751712 
GRC498A    0.00036029 0.00018012 0.00036035 0.00018012 0.00018014 0.00054076 0.00054070 0.00018012 0.00018012 0.00090199 0.00018014 0.00000000 0.00036052 0.00054087 0.00018012 0.00036029 0.00018012 0.00054051 0.00036041 0.26003291 0.00072079 0.00036029 0.00325714 0.00036031 0.33752509 0.35648991 0.00872483 0.00252950 0.02378848 0.02476430 0.02437103 0.33377053 0.33698731 0.02458607 0.33729584 0.33741108 0.32992740 0.33698731 0.29582232 0.00744687 0.02415207 0.33751712 0.36557771 0.45346357 0.35883134 0.33751712 0.33751712 0.33804700 0.33751712 0.33698731 0.00561471 0.36967942 0.37053733 0.37022995 0.37022995 0.37022995 0.37067302 0.37053733 0.02435809 0.37086225 0.37170705 0.37127044 0.37085942 0.02359855 0.02340862 0.37147449 0.00452325 0.37216113 0.33767051 0.33751712 0.33751712 
GRC715     0.00072125 0.00054086 0.00036035 0.00054085 0.00018014 0.00054076 0.00054070 0.00054085 0.00054085 0.00054069 0.00018014 0.00036052 0.00000000 0.00054086 0.00054087 0.00072125 0.00054085 0.00090169 0.00018012 0.26003291 0.00108219 0.00072124 0.00362239 0.00036031 0.33752509 0.35648991 0.00909681 0.00289353 0.02418023 0.02515785 0.02476383 0.33377053 0.33698731 0.02498590 0.33729584 0.33741108 0.32992740 0.33698731 0.29582232 0.00781738 0.02415207 0.33751712 0.36557771 0.45627884 0.35883134 0.33751712 0.33751712 0.33804700 0.33751712 0.33698731 0.00598248 0.37076971 0.37162982 0.37132193 0.37132193 0.37132193 0.37176612 0.37162982 0.02475066 0.37195547 0.37280279 0.37236484 0.37195263 0.02399003 0.02379983 0.37256872 0.00488962 0.37215507 0.33767051 0.33751712 0.33751712 
MKD5000    0.00126320 0.00072151 0.00126340 0.00108258 0.00036034 0.00072113 0.00126355 0.00108258 0.00108258 0.00108293 0.00108272 0.00054087 0.00054086 0.00000000 0.00036030 0.00126320 0.00090197 0.00144386 0.00072126 0.26050994 0.00162459 0.00126319 0.00416915 0.00072106 0.33805846 0.35693923 0.00965053 0.00343886 0.02475469 0.02573441 0.02533948 0.33432872 0.33752058 0.02477787 0.33782884 0.33794427 0.33048246 0.33752058 0.29622656 0.00836963 0.02434609 0.33805047 0.36616855 0.45870029 0.35928267 0.33805047 0.33805047 0.33858043 0.33805047 0.33752058 0.00653167 0.37203279 0.37289489 0.37258661 0.37258661 0.37258661 0.37303183 0.37289489 0.02532599 0.37322120 0.37407088 0.37363168 0.37321834 0.02456420 0.02437369 0.37383521 0.00543734 0.37411961 0.33820429 0.33805047 0.33805047 
MKD5011    0.00054053 0.00036030 0.00018015 0.00000066 0.00000066 0.00036045 0.00036042 0.00036030 0.00000066 0.00108257 0.00036035 0.00018012 0.00054087 0.00036030 0.00000000 0.00018012 0.00000066 0.00036030 0.00018018 0.26050607 0.00090114 0.00054053 0.00343868 0.00054055 0.33805780 0.35693873 0.00890813 0.00271065 0.02397706 0.02495346 0.02455995 0.33432802 0.33751991 0.02477742 0.33782818 0.33794360 0.33048175 0.33751991 0.29622597 0.00762981 0.02434590 0.33804981 0.36557771 0.45421357 0.35928218 0.33804981 0.33804981 0.33857977 0.33804981 0.33751991 0.00579682 0.37000643 0.37086462 0.37055722 0.37055722 0.37055722 0.37100043 0.37086462 0.02454690 0.37118961 0.37203479 0.37159798 0.37118678 0.02378706 0.02359705 0.37180188 0.00470498 0.37248907 0.33820363 0.33804981 0.33804981 
SRB4592    0.00072077 0.00054050 0.00036034 0.00018011 0.00018014 0.00054076 0.00054068 0.00054049 0.00018011 0.00126311 0.00054057 0.00036029 0.00072125 0.00126320 0.00018012 0.00000000 0.00018011 0.00054049 0.00036041 0.26050607 0.00108146 0.00072076 0.00361997 0.00072083 0.33752058 0.35738808 0.00909068 0.00289160 0.02416350 0.02514040 0.02474667 0.33376585 0.33698280 0.02496902 0.33729133 0.33740657 0.32992280 0.33698280 0.29581930 0.00781212 0.02453998 0.33751260 0.36499292 0.45340746 0.35973355 0.33751260 0.33751260 0.33804248 0.33751260 0.33698280 0.00597847 0.36965878 0.37051663 0.37020927 0.37020927 0.37020927 0.37065231 0.37051663 0.02473351 0.37084153 0.37168628 0.37124970 0.37083870 0.02397344 0.02378337 0.37145375 0.00488635 0.37214616 0.33766599 0.33751260 0.33751260 
SRB5778    0.00054050 0.00036028 0.00018014 0.00000066 0.00000066 0.00036045 0.00036040 0.00036028 0.00000066 0.00108251 0.00036033 0.00018012 0.00054085 0.00090197 0.00000066 0.00018011 0.00000000 0.00036028 0.00018018 0.26050607 0.00090109 0.00054049 0.00343848 0.00054054 0.33805780 0.35693873 0.00890761 0.00271049 0.02397563 0.02495197 0.02455848 0.33432802 0.33751991 0.02477742 0.33782818 0.33794360 0.33048175 0.33751991 0.29622597 0.00762936 0.02434590 0.33804981 0.36557771 0.45413335 0.35928218 0.33804981 0.33804981 0.33857977 0.33804981 0.33751991 0.00579648 0.36997692 0.37083502 0.37052765 0.37052765 0.37052765 0.37097082 0.37083502 0.02454543 0.37115999 0.37200508 0.37156831 0.37115716 0.02378564 0.02359564 0.37177222 0.00470471 0.37245932 0.33820363 0.33804981 0.33804981 
SRB6040    0.00090109 0.00072077 0.00054058 0.00036027 0.00036034 0.00072112 0.00072102 0.00072076 0.00036027 0.00144376 0.00072086 0.00054051 0.00090169 0.00144386 0.00036030 0.00054049 0.00036028 0.00000000 0.00054069 0.26098253 0.00126188 0.00090108 0.00380151 0.00090116 0.33859060 0.35738356 0.00927382 0.00307276 0.02435148 0.02532892 0.02493495 0.33488562 0.33805262 0.02516046 0.33836061 0.33847622 0.33103621 0.33805262 0.29623100 0.00799494 0.02473389 0.33858259 0.36558307 0.45414099 0.35972899 0.33858259 0.33858259 0.33911264 0.33858259 0.33805262 0.00616051 0.37028638 0.37114471 0.37083734 0.37083734 0.37083734 0.37128062 0.37114180 0.02492170 0.37146974 0.37231514 0.37187820 0.37146690 0.02416134 0.02397120 0.37208196 0.00506805 0.37277541 0.33873684 0.33858259 0.33858259 
SRB7695    0.00072103 0.00054070 0.00036046 0.00018018 0.00018020 0.00036045 0.00054087 0.00054069 0.00018018 0.00090171 0.00054076 0.00036041 0.00018012 0.00072126 0.00018018 0.00036041 0.00018018 0.00054069 0.00000000 0.26050607 0.00108186 0.00072103 0.00343864 0.00072105 0.33805780 0.35693873 0.00890802 0.00271061 0.02397675 0.02495313 0.02455962 0.33432802 0.33751991 0.02477768 0.33782818 0.33794360 0.33048175 0.33751991 0.29622597 0.00762971 0.02434590 0.33804981 0.36557771 0.45419730 0.35928218 0.33804981 0.33804981 0.33857977 0.33804981 0.33751991 0.00579675 0.37000032 0.37085849 0.37055110 0.37055110 0.37055110 0.37099430 0.37085849 0.02454658 0.37118348 0.37202864 0.37159184 0.37118065 0.02378675 0.02359674 0.37179575 0.00470492 0.37247722 0.33820363 0.33804981 0.33804981 
MT992618.1 0.26003604 0.26050994 0.26098444 0.26050607 0.26050607 0.26073768 0.26050607 0.26003291 0.26050607 0.26169642 0.26003604 0.26003291 0.26003291 0.26050994 0.26050607 0.26050607 0.26050607 0.26098253 0.26050607 0.00000000 0.26002782 0.25955605 0.26469370 0.25955605 0.06214742 0.04107805 0.26031961 0.26330155 0.25620141 0.25549336 0.25582115 0.06603171 0.06162120 0.25526038 0.06214628 0.06162336 0.06264149 0.06162120 0.07970157 0.26223707 0.25531631 0.06162120 0.07929013 0.05157012 0.04322370 0.06162120 0.06162120 0.06214628 0.06162120 0.06162120 0.25782862 0.03762136 0.04123033 0.04087330 0.04087330 0.04087330 0.04089902 0.04087371 0.25736806 0.03833301 0.03869494 0.03869494 0.03833301 0.25526427 0.25470428 0.03868834 0.25865724 0.03833301 0.06162120 0.06162120 0.06162120 
MN642592.1 0.00072077 0.00090109 0.00108164 0.00090109 0.00090124 0.00126252 0.00126234 0.00054049 0.00090109 0.00162447 0.00054057 0.00072079 0.00108219 0.00162459 0.00090114 0.00108146 0.00090109 0.00126188 0.00108186 0.26002782 0.00000000 0.00036027 0.00325700 0.00036031 0.33752058 0.35647868 0.00872441 0.00180567 0.02378733 0.02476310 0.02436986 0.33376585 0.33698280 0.02458591 0.33729133 0.33740657 0.32992280 0.33698280 0.29500508 0.00744651 0.02415191 0.33751260 0.36557771 0.45197137 0.35881997 0.33751260 0.33751260 0.33804248 0.33751260 0.33698280 0.00561444 0.36996905 0.37082712 0.37051976 0.37051976 0.37051976 0.37096291 0.37082712 0.02435692 0.37115208 0.37199714 0.37156039 0.37114925 0.02359742 0.02340750 0.37176429 0.00452303 0.37245720 0.33766599 0.33751260 0.33751260 
MN995838.1 0.00036028 0.00054050 0.00072088 0.00054049 0.00054058 0.00090153 0.00090140 0.00018011 0.00054049 0.00126310 0.00018014 0.00036029 0.00072124 0.00126319 0.00054053 0.00072076 0.00054049 0.00090108 0.00072103 0.25955605 0.00036027 0.00000000 0.00289425 0.00000066 0.33698280 0.35603262 0.00835841 0.00216741 0.02341163 0.02418987 0.02399353 0.33320312 0.33644514 0.02400391 0.33675392 0.33686898 0.32936327 0.33644514 0.29500508 0.00708120 0.02376421 0.33697485 0.36498696 0.45197137 0.35837195 0.33697485 0.33697485 0.33750463 0.33697485 0.33644514 0.00525069 0.36934324 0.37020085 0.36989349 0.36989349 0.36989349 0.37033641 0.37020085 0.02398080 0.37052568 0.37137009 0.37093370 0.37052286 0.02322186 0.02303209 0.37113789 0.00415998 0.37182979 0.33712780 0.33697485 0.33697485 
MH893760.2 0.00325702 0.00343849 0.00362058 0.00343846 0.00343906 0.00362061 0.00380289 0.00307559 0.00343846 0.00416885 0.00307604 0.00325714 0.00362239 0.00416915 0.00343868 0.00361997 0.00343848 0.00380151 0.00343864 0.26469370 0.00325700 0.00289425 0.00000000 0.00289452 0.34533541 0.36319002 0.01131589 0.00216806 0.02628974 0.02727503 0.02687771 0.33674126 0.34479185 0.02713636 0.34509890 0.34521776 0.33286888 0.34479185 0.30109295 0.00984733 0.02673451 0.34532710 0.37444981 0.45795385 0.36557855 0.34532710 0.34532710 0.34586241 0.34532710 0.34479185 0.00818396 0.37261775 0.37348434 0.37317565 0.37317565 0.37317565 0.37362168 0.37348434 0.02686333 0.37381119 0.37465966 0.37421954 0.37380538 0.02609845 0.02590715 0.37442601 0.00708529 0.37512614 0.34548811 0.34532710 0.34532710 
KX894508.1 0.00036031 0.00054055 0.00072091 0.00054054 0.00054058 0.00090155 0.00090145 0.00018013 0.00054054 0.00090146 0.00018014 0.00036031 0.00036031 0.00072106 0.00054055 0.00072083 0.00054054 0.00090116 0.00072105 0.25955605 0.00036031 0.00000066 0.00289452 0.00000000 0.33698731 0.35603663 0.00835918 0.00216761 0.02341382 0.02419214 0.02399577 0.33320778 0.33644964 0.02400503 0.33675842 0.33687349 0.32936786 0.33644964 0.29500809 0.00708185 0.02376421 0.33697935 0.36498696 0.45209934 0.35837600 0.33697935 0.33697935 0.33750915 0.33697935 0.33644964 0.00525117 0.36939014 0.37024789 0.36994050 0.36994050 0.36994050 0.37038348 0.37024789 0.02398304 0.37057277 0.37141732 0.37098085 0.37056994 0.02322403 0.02303423 0.37118505 0.00416036 0.37184767 0.33713231 0.33697935 0.33697935 
ON152411.1 0.33752509 0.33805846 0.33807191 0.33805780 0.33805780 0.33805780 0.33805780 0.33752058 0.33805780 0.33948979 0.33752509 0.33752509 0.33752509 0.33805846 0.33805780 0.33752058 0.33805780 0.33859060 0.33805780 0.06214742 0.33752058 0.33698280 0.34533541 0.33698731 0.00000000 0.04805264 0.33412174 0.34141070 0.33329470 0.33259656 0.33224063 0.00301386 0.00032029 0.33408736 0.00096135 0.00032029 0.00066744 0.00032029 0.08590438 0.33329202 0.33238035 0.00096135 0.01202956 0.06321099 0.05128801 0.00096135 0.00096135 0.00128214 0.00096135 0.00032029 0.33131568 0.03917737 0.04373937 0.04339475 0.04339475 0.04339475 0.04302330 0.04339517 0.33329296 0.03917848 0.03987742 0.03952601 0.03917775 0.33291079 0.33223194 0.03952006 0.33199378 0.03917812 0.00064082 0.00096135 0.00096135 
OM530217.1 0.35693923 0.35693923 0.35738045 0.35693873 0.35693873 0.35725814 0.35693873 0.35648590 0.35693873 0.35693923 0.35648590 0.35648991 0.35648991 0.35693923 0.35693873 0.35738808 0.35693873 0.35738356 0.35693873 0.04107805 0.35647868 0.35603262 0.36319002 0.35603663 0.04805264 0.00000000 0.35458378 0.35902749 0.35336636 0.35522205 0.35444981 0.05179870 0.04805264 0.35732146 0.04903464 0.04805430 0.05173012 0.04805264 0.09395428 0.35276726 0.35303471 0.04856154 0.06980976 0.13130059 0.00378659 0.04856154 0.04856154 0.04856154 0.04856154 0.04805264 0.34831076 0.02779981 0.03295725 0.03265580 0.03265580 0.03265580 0.03265908 0.03265580 0.35443294 0.02778505 0.02808938 0.02778505 0.02778505 0.35175781 0.35175781 0.02808403 0.34923605 0.02869387 0.04857312 0.04856154 0.04856154 
OK318001.1 0.00872447 0.00890758 0.00909219 0.00890756 0.00890910 0.00909226 0.00927721 0.00854141 0.00890756 0.00964983 0.00854262 0.00872483 0.00909681 0.00965053 0.00890813 0.00909068 0.00890761 0.00927382 0.00890802 0.26031961 0.00872441 0.00835841 0.01131589 0.00835918 0.33412174 0.35458378 0.00000000 0.01056963 0.02359389 0.02399591 0.02379973 0.33021261 0.33358508 0.02420559 0.33389502 0.33400901 0.32639288 0.33358508 0.29272984 0.00964560 0.02356456 0.33411389 0.36182487 0.44729734 0.35691674 0.33411389 0.33411389 0.33464278 0.33411389 0.33358508 0.00780368 0.36902521 0.36988655 0.36957881 0.36957881 0.36957881 0.37002216 0.36988655 0.02359137 0.37021173 0.37105396 0.37061720 0.37020600 0.02283344 0.02264393 0.37082470 0.00670774 0.37151404 0.33426443 0.33411389 0.33411389 
MW699032.1 0.00252941 0.00271050 0.00289209 0.00271048 0.00271094 0.00289211 0.00307387 0.00234837 0.00271048 0.00343862 0.00234872 0.00252950 0.00289353 0.00343886 0.00271065 0.00289160 0.00271049 0.00307276 0.00271061 0.26330155 0.00180567 0.00216741 0.00216806 0.00216761 0.34141070 0.35902749 0.01056963 0.00000000 0.02550910 0.02649108 0.02609517 0.33782579 0.34087054 0.02634041 0.34117806 0.34129499 0.33394773 0.34087054 0.29787097 0.00910396 0.02592864 0.34140257 0.36997621 0.45190769 0.36138400 0.34140257 0.34140257 0.34193467 0.34140257 0.34087054 0.00744514 0.37113877 0.37200165 0.37169390 0.37169390 0.37169390 0.37213802 0.37200165 0.02608124 0.37232722 0.37317158 0.37273365 0.37232145 0.02531830 0.02512749 0.37294017 0.00634893 0.37363576 0.34155957 0.34140257 0.34140257 
OP688129.1 0.02378761 0.02397556 0.02416771 0.02397550 0.02397972 0.02416788 0.02436048 0.02359947 0.02397550 0.02475279 0.02360298 0.02378848 0.02418023 0.02475469 0.02397706 0.02416350 0.02397563 0.02435148 0.02397675 0.25620141 0.02378733 0.02341163 0.02628974 0.02341382 0.33329470 0.35336636 0.02359389 0.02550910 0.00000000 0.00126351 0.00090167 0.32762755 0.33276160 0.00128416 0.33306998 0.33318296 0.32385050 0.33276160 0.28767490 0.02474014 0.00037137 0.33328693 0.36188913 0.43428144 0.35568817 0.33328693 0.33328693 0.33381233 0.33328693 0.33276160 0.02302488 0.36927848 0.37014225 0.36983572 0.36983572 0.36983572 0.37027742 0.37014225 0.00180489 0.37046338 0.37129971 0.37086454 0.37045484 0.00108197 0.00090144 0.37107393 0.02189627 0.37176094 0.33343586 0.33328693 0.33328693 
OP688128.1 0.02476339 0.02495190 0.02494784 0.02495184 0.02495623 0.02514496 0.02533831 0.02457468 0.02495184 0.02573242 0.02457834 0.02476430 0.02515785 0.02573441 0.02495346 0.02514040 0.02495197 0.02532892 0.02495313 0.25549336 0.02476310 0.02418987 0.02727503 0.02419214 0.33259656 0.35522205 0.02399591 0.02649108 0.00126351 0.00000000 0.00072129 0.32689058 0.33206289 0.00036618 0.33237202 0.33248491 0.32311251 0.33206289 0.28897622 0.02571923 0.00074377 0.33258880 0.36116565 0.43909089 0.35756015 0.33258880 0.33258880 0.33311478 0.33258880 0.33206289 0.02399792 0.37053968 0.37140725 0.37109970 0.37109970 0.37109970 0.37154333 0.37140725 0.00235059 0.37172967 0.37257005 0.37213273 0.37172108 0.00162589 0.00144490 0.37234224 0.02286580 0.37303357 0.33273738 0.33258880 0.33258880 
OP297402.1 0.02437014 0.02455841 0.02475097 0.02455835 0.02456267 0.02475115 0.02494418 0.02418168 0.02455835 0.02533753 0.02418528 0.02437103 0.02476383 0.02533948 0.02455995 0.02474667 0.02455848 0.02493495 0.02455962 0.25582115 0.02436986 0.02399353 0.02687771 0.02399577 0.33224063 0.35444981 0.02379973 0.02609517 0.00090167 0.00072129 0.00000000 0.32652662 0.33170773 0.00073306 0.33201663 0.33212925 0.32275563 0.33170773 0.28812029 0.02532456 0.00055755 0.33223289 0.36073307 0.43702315 0.35678176 0.33223289 0.33223289 0.33275813 0.33223289 0.33170773 0.02360585 0.37016675 0.37103302 0.37072583 0.37072583 0.37072583 0.37116880 0.37103302 0.00198709 0.37135499 0.37219400 0.37175741 0.37134642 0.00126339 0.00108266 0.37196685 0.02247525 0.37265676 0.33238100 0.33223289 0.33223289 
OP508345.1 0.33377053 0.33432872 0.33434264 0.33432802 0.33432802 0.33432802 0.33432802 0.33376585 0.33432802 0.33582169 0.33377053 0.33377053 0.33377053 0.33432872 0.33432802 0.33376585 0.33432802 0.33488562 0.33432802 0.06603171 0.33376585 0.33320312 0.33674126 0.33320778 0.00301386 0.05179870 0.33021261 0.33782579 0.32762755 0.32689058 0.32652662 0.00000000 0.00267824 0.32743933 0.00334960 0.00267830 0.00301379 0.00267824 0.07676004 0.32934900 0.32653114 0.00334960 0.00853577 0.06778482 0.05527571 0.00334960 0.00334960 0.00368556 0.00334960 0.00267824 0.32728751 0.04303342 0.04743349 0.04707256 0.04707256 0.04707256 0.04668112 0.04707303 0.32762569 0.04303470 0.04339962 0.04339962 0.04303385 0.32722238 0.32651769 0.04339271 0.32799379 0.04303428 0.00301426 0.00334960 0.00334960 
OM033705.1 0.33698731 0.33752058 0.33753400 0.33751991 0.33751991 0.33751991 0.33751991 0.33698280 0.33751991 0.33895093 0.33698731 0.33698731 0.33698731 0.33752058 0.33751991 0.33698280 0.33751991 0.33805262 0.33751991 0.06162120 0.33698280 0.33644514 0.34479185 0.33644964 0.00032029 0.04805264 0.33358508 0.34087054 0.33276160 0.33206289 0.33170773 0.00267824 0.00000000 0.33354992 0.00064073 0.00000066 0.00033363 0.00000066 0.08550197 0.33275612 0.33184513 0.00064073 0.01168247 0.06232550 0.05128801 0.00064073 0.00064073 0.00096134 0.00064073 0.00000066 0.33078096 0.03883478 0.04339363 0.04304919 0.04304919 0.04304919 0.04267814 0.04304960 0.33275985 0.03883588 0.03953432 0.03918318 0.03883516 0.33237738 0.33169905 0.03917729 0.33145853 0.03883553 0.00032033 0.00064073 0.00064073 
ON400507.1 0.02458620 0.02477762 0.02477340 0.02477742 0.02477944 0.02496974 0.02496958 0.02439458 0.02477742 0.02557002 0.02439827 0.02458607 0.02498590 0.02477787 0.02477742 0.02496902 0.02477742 0.02516046 0.02477768 0.25526038 0.02458591 0.02400391 0.02713636 0.02400503 0.33408736 0.35732146 0.02420559 0.02634041 0.00128416 0.00036618 0.00073306 0.32743933 0.33354992 0.00000000 0.33386033 0.33397447 0.32365824 0.33354992 0.29118066 0.02576589 0.00074473 0.33407950 0.36300042 0.44517561 0.35807508 0.33407950 0.33407950 0.33460914 0.33407950 0.33354992 0.02420766 0.37360996 0.37481768 0.37450447 0.37450447 0.37450447 0.37537547 0.37481768 0.00238906 0.37482170 0.37568071 0.37523358 0.37481587 0.00165247 0.00146852 0.37544550 0.02305658 0.37615163 0.33423023 0.33407950 0.33407950 
ON616408.1 0.33729584 0.33782884 0.33784226 0.33782818 0.33782818 0.33782818 0.33782818 0.33729133 0.33782818 0.33925888 0.33729584 0.33729584 0.33729584 0.33782884 0.33782818 0.33729133 0.33782818 0.33836061 0.33782818 0.06214628 0.33729133 0.33675392 0.34509890 0.33675842 0.00096135 0.04903464 0.33389502 0.34117806 0.33306998 0.33237202 0.33201663 0.00334960 0.00064073 0.33386033 0.00000000 0.00064075 0.00100142 0.00064073 0.08590316 0.33306612 0.33215529 0.00064074 0.01168264 0.06224667 0.05227569 0.00064074 0.00064074 0.00096136 0.00064074 0.00064073 0.33109147 0.03949948 0.04406212 0.04371750 0.04371750 0.04371750 0.04334586 0.04371793 0.33306824 0.03950060 0.04019965 0.03984817 0.03949986 0.33268617 0.33200795 0.03984217 0.33176894 0.03950024 0.00096147 0.00064074 0.00064074 
OM984485.1 0.33741108 0.33794427 0.33795770 0.33794360 0.33794360 0.33794360 0.33794360 0.33740657 0.33794360 0.33937495 0.33741108 0.33741108 0.33741108 0.33794427 0.33794360 0.33740657 0.33794360 0.33847622 0.33794360 0.06162336 0.33740657 0.33686898 0.34521776 0.33687349 0.00032029 0.04805430 0.33400901 0.34129499 0.33318296 0.33248491 0.33212925 0.00267830 0.00000066 0.33397447 0.00064075 0.00000000 0.00033363 0.00000066 0.08550421 0.33317969 0.33226845 0.00064075 0.01168276 0.06232550 0.05128979 0.00064075 0.00064075 0.00096137 0.00064075 0.00000066 0.33120420 0.03883569 0.04339465 0.04305020 0.04305020 0.04305020 0.04267914 0.04305061 0.33318122 0.03883679 0.03953525 0.03918410 0.03883606 0.33279911 0.33212057 0.03917821 0.33188199 0.03883644 0.00032033 0.00064075 0.00064075 
OM793603.1 0.32992740 0.33048246 0.33049615 0.33048175 0.33048175 0.33048175 0.33048175 0.32992280 0.33048175 0.33196182 0.32992740 0.32992740 0.32992740 0.33048246 0.33048175 0.32992280 0.33048175 0.33103621 0.33048175 0.06264149 0.32992280 0.32936327 0.33286888 0.32936786 0.00066744 0.05173012 0.32639288 0.33394773 0.32385050 0.32311251 0.32275563 0.00301379 0.00033363 0.32365824 0.00100142 0.00033363 0.00000000 0.00033362 0.07371830 0.32553846 0.32276008 0.00100142 0.00602400 0.06385513 0.05520179 0.00100142 0.00100142 0.00133558 0.00100142 0.00033363 0.32349430 0.04081539 0.04518965 0.04483050 0.04483050 0.04483050 0.04444248 0.04483095 0.32384861 0.04081659 0.04117935 0.04117935 0.04081579 0.32344483 0.32274686 0.04117286 0.32419374 0.04081620 0.00066753 0.00100142 0.00100142 
OM793602.1 0.33698731 0.33752058 0.33753400 0.33751991 0.33751991 0.33751991 0.33751991 0.33698280 0.33751991 0.33895093 0.33698731 0.33698731 0.33698731 0.33752058 0.33751991 0.33698280 0.33751991 0.33805262 0.33751991 0.06162120 0.33698280 0.33644514 0.34479185 0.33644964 0.00032029 0.04805264 0.33358508 0.34087054 0.33276160 0.33206289 0.33170773 0.00267824 0.00000066 0.33354992 0.00064073 0.00000066 0.00033362 0.00000000 0.08550197 0.33275612 0.33184513 0.00064073 0.01168247 0.06232550 0.05128801 0.00064073 0.00064073 0.00096134 0.00064073 0.00000066 0.33078096 0.03883478 0.04339363 0.04304919 0.04304919 0.04304919 0.04267814 0.04304960 0.33275985 0.03883588 0.03953432 0.03918318 0.03883516 0.33237738 0.33169905 0.03917729 0.33145853 0.03883553 0.00032033 0.00064073 0.00064073 
OL542833.1 0.29541223 0.29622656 0.29663132 0.29622597 0.29622304 0.29582232 0.29622597 0.29541214 0.29622597 0.29727069 0.29540931 0.29582232 0.29582232 0.29622656 0.29622597 0.29581930 0.29622597 0.29623100 0.29622597 0.07970157 0.29500508 0.29500508 0.30109295 0.29500809 0.08590438 0.09395428 0.29272984 0.29787097 0.28767490 0.28897622 0.28812029 0.07676004 0.08550197 0.29118066 0.08590316 0.08550421 0.07371830 0.08550197 0.00000000 0.29332724 0.28816548 0.08590316 0.09662478 0.10835453 0.09809581 0.08590316 0.08590316 0.08590316 0.08590316 0.08550197 0.29098158 0.06994642 0.07661731 0.07630979 0.07630979 0.07630979 0.07534332 0.07631044 0.28869281 0.07025248 0.07088656 0.07056684 0.07025189 0.28688027 0.28639019 0.07055618 0.29056913 0.07025248 0.08592072 0.08590316 0.08590316 
MT007950.1 0.00744660 0.00762934 0.00781346 0.00762932 0.00763064 0.00781351 0.00799786 0.00726383 0.00762932 0.00836903 0.00726490 0.00744687 0.00781738 0.00836963 0.00762981 0.00781212 0.00762936 0.00799494 0.00762971 0.26223707 0.00744651 0.00708120 0.00984733 0.00708185 0.33329202 0.35276726 0.00964560 0.00910396 0.02474014 0.02571923 0.02532456 0.32934900 0.33275612 0.02576589 0.33306612 0.33317969 0.32553846 0.33275612 0.29332724 0.00000000 0.02474115 0.33328420 0.36087976 0.45181753 0.35508711 0.33328420 0.33328420 0.33381237 0.33328420 0.33275612 0.00543501 0.36903475 0.36989594 0.36958826 0.36958826 0.36958826 0.37003152 0.36958826 0.02511435 0.37022105 0.37106312 0.37062645 0.37021532 0.02435358 0.02416333 0.37083390 0.00434345 0.37152596 0.33343392 0.33328420 0.33328420 
OK422492.1 0.02415220 0.02434609 0.02454008 0.02434590 0.02434590 0.02453998 0.02453981 0.02395811 0.02434590 0.02474268 0.02395824 0.02415207 0.02415207 0.02434609 0.02434590 0.02453998 0.02434590 0.02473389 0.02434590 0.25531631 0.02415191 0.02376421 0.02673451 0.02376421 0.33238035 0.35303471 0.02356456 0.02592864 0.00037137 0.00074377 0.00055755 0.32653114 0.33184513 0.00074473 0.33215529 0.33226845 0.32276008 0.33184513 0.28816548 0.02474115 0.00000000 0.33237257 0.36101479 0.44570932 0.35319739 0.33237257 0.33237257 0.33290010 0.33237257 0.33184513 0.02336521 0.37310316 0.37464591 0.37432880 0.37432880 0.37432880 0.37521051 0.37464591 0.00148812 0.37432660 0.37519581 0.37474338 0.37432365 0.00074338 0.00055741 0.37495818 0.02220097 0.37559850 0.33252143 0.33237257 0.33237257 
OL752713.1 0.33751712 0.33805047 0.33806391 0.33804981 0.33804981 0.33804981 0.33804981 0.33751260 0.33804981 0.33948174 0.33751712 0.33751712 0.33751712 0.33805047 0.33804981 0.33751260 0.33804981 0.33858259 0.33804981 0.06162120 0.33751260 0.33697485 0.34532710 0.33697935 0.00096135 0.04856154 0.33411389 0.34140257 0.33328693 0.33258880 0.33223289 0.00334960 0.00064073 0.33407950 0.00064074 0.00064075 0.00100142 0.00064073 0.08590316 0.33328420 0.33237257 0.00000000 0.01168264 0.06232550 0.05180106 0.00000066 0.00000066 0.00032029 0.00000066 0.00064073 0.33130794 0.03951922 0.04408425 0.04373946 0.04373946 0.04373946 0.04336761 0.04373988 0.33328518 0.03952034 0.04021975 0.03986809 0.03951960 0.33290303 0.33222420 0.03986208 0.33198601 0.03951998 0.00096147 0.00000066 0.00000066 
MW732649.1 0.36558307 0.36616855 0.36559424 0.36557771 0.36557771 0.36557771 0.36557771 0.36557771 0.36557771 0.36778165 0.36558307 0.36557771 0.36557771 0.36616855 0.36557771 0.36499292 0.36557771 0.36558307 0.36557771 0.07929013 0.36557771 0.36498696 0.37444981 0.36498696 0.01202956 0.06980976 0.36182487 0.36997621 0.36188913 0.36116565 0.36073307 0.00853577 0.01168247 0.36300042 0.01168264 0.01168276 0.00602400 0.01168247 0.09662478 0.36087976 0.36101479 0.01168264 0.00000000 0.07693471 0.07355326 0.01168264 0.01168264 0.01202959 0.01168264 0.01168247 0.35866493 0.05085568 0.05581610 0.05544357 0.05544357 0.05544357 0.05503386 0.05544414 0.36188751 0.05085722 0.05161756 0.05123471 0.05085620 0.36149141 0.36072273 0.05122616 0.35943247 0.05085620 0.01203121 0.01168264 0.01168264 
MT134042.1 0.45268949 0.45340746 0.45435039 0.45412523 0.45437377 0.45437386 0.45558780 0.45268949 0.45412523 0.45623834 0.45289011 0.45346357 0.45627884 0.45870029 0.45421357 0.45340746 0.45413335 0.45414099 0.45419730 0.05157012 0.45197137 0.45197137 0.45795385 0.45209934 0.06321099 0.13130059 0.44729734 0.45190769 0.43428144 0.43909089 0.43702315 0.06778482 0.06232550 0.44517561 0.06224667 0.06232550 0.06385513 0.06232550 0.10835453 0.45181753 0.44570932 0.06232550 0.07693471 0.00000000 0.11547100 0.06232550 0.06232550 0.06232550 0.06232550 0.06232550 0.44412487 0.06819223 0.07520170 0.07467960 0.07467960 0.07467960 0.07574301 0.07468067 0.43775910 0.06929491 0.06983784 0.06929491 0.06929298 0.43328561 0.43328561 0.06929491 0.44484891 0.07093107 0.06323611 0.06232550 0.06232550 
MH646674.1 0.35928267 0.35928267 0.35972583 0.35928218 0.35928218 0.35960568 0.35928218 0.35882729 0.35928218 0.35928267 0.35882729 0.35883134 0.35883134 0.35928267 0.35928218 0.35973355 0.35928218 0.35972899 0.35928218 0.04322370 0.35881997 0.35837195 0.36557855 0.35837600 0.05128801 0.00378659 0.35691674 0.36138400 0.35568817 0.35756015 0.35678176 0.05527571 0.05128801 0.35807508 0.05227569 0.05128979 0.05520179 0.05128801 0.09809581 0.35508711 0.35319739 0.05180106 0.07355326 0.11547100 0.00000000 0.05180106 0.05180106 0.05180106 0.05180106 0.05128801 0.35060373 0.03176543 0.03697157 0.03666767 0.03666767 0.03666767 0.03667142 0.03666767 0.35676063 0.03174816 0.03205606 0.03174842 0.03174869 0.35406950 0.35406950 0.03204960 0.35153698 0.03266643 0.05181360 0.05180106 0.05180106 
MZ577076.1 0.33751712 0.33805047 0.33806391 0.33804981 0.33804981 0.33804981 0.33804981 0.33751260 0.33804981 0.33948174 0.33751712 0.33751712 0.33751712 0.33805047 0.33804981 0.33751260 0.33804981 0.33858259 0.33804981 0.06162120 0.33751260 0.33697485 0.34532710 0.33697935 0.00096135 0.04856154 0.33411389 0.34140257 0.33328693 0.33258880 0.33223289 0.00334960 0.00064073 0.33407950 0.00064074 0.00064075 0.00100142 0.00064073 0.08590316 0.33328420 0.33237257 0.00000066 0.01168264 0.06232550 0.05180106 0.00000000 0.00000066 0.00032029 0.00000066 0.00064073 0.33130794 0.03951922 0.04408425 0.04373946 0.04373946 0.04373946 0.04336761 0.04373988 0.33328518 0.03952034 0.04021975 0.03986809 0.03951960 0.33290303 0.33222420 0.03986208 0.33198601 0.03951998 0.00096147 0.00000066 0.00000066 
MZ577075.1 0.33751712 0.33805047 0.33806391 0.33804981 0.33804981 0.33804981 0.33804981 0.33751260 0.33804981 0.33948174 0.33751712 0.33751712 0.33751712 0.33805047 0.33804981 0.33751260 0.33804981 0.33858259 0.33804981 0.06162120 0.33751260 0.33697485 0.34532710 0.33697935 0.00096135 0.04856154 0.33411389 0.34140257 0.33328693 0.33258880 0.33223289 0.00334960 0.00064073 0.33407950 0.00064074 0.00064075 0.00100142 0.00064073 0.08590316 0.33328420 0.33237257 0.00000066 0.01168264 0.06232550 0.05180106 0.00000066 0.00000000 0.00032029 0.00000066 0.00064073 0.33130794 0.03951922 0.04408425 0.04373946 0.04373946 0.04373946 0.04336761 0.04373988 0.33328518 0.03952034 0.04021975 0.03986809 0.03951960 0.33290303 0.33222420 0.03986208 0.33198601 0.03951998 0.00096147 0.00000066 0.00000066 
MZ577074.1 0.33804700 0.33858043 0.33859390 0.33857977 0.33857977 0.33857977 0.33857977 0.33804248 0.33857977 0.34001262 0.33804700 0.33804700 0.33804700 0.33858043 0.33857977 0.33804248 0.33857977 0.33911264 0.33857977 0.06214628 0.33804248 0.33750463 0.34586241 0.33750915 0.00128214 0.04856154 0.33464278 0.34193467 0.33381233 0.33311478 0.33275813 0.00368556 0.00096134 0.33460914 0.00096136 0.00096137 0.00133558 0.00096134 0.08590316 0.33381237 0.33290010 0.00032029 0.01202959 0.06232550 0.05180106 0.00032029 0.00032029 0.00000000 0.00032029 0.00096134 0.33183500 0.03986170 0.04442983 0.04408486 0.04408486 0.04408486 0.04371261 0.04408529 0.33381059 0.03986283 0.04056273 0.04021080 0.03986208 0.33342874 0.33274943 0.04020474 0.33251358 0.03986246 0.00128230 0.00032029 0.00032029 
MZ577073.1 0.33751712 0.33805047 0.33806391 0.33804981 0.33804981 0.33804981 0.33804981 0.33751260 0.33804981 0.33948174 0.33751712 0.33751712 0.33751712 0.33805047 0.33804981 0.33751260 0.33804981 0.33858259 0.33804981 0.06162120 0.33751260 0.33697485 0.34532710 0.33697935 0.00096135 0.04856154 0.33411389 0.34140257 0.33328693 0.33258880 0.33223289 0.00334960 0.00064073 0.33407950 0.00064074 0.00064075 0.00100142 0.00064073 0.08590316 0.33328420 0.33237257 0.00000066 0.01168264 0.06232550 0.05180106 0.00000066 0.00000066 0.00032029 0.00000000 0.00064073 0.33130794 0.03951922 0.04408425 0.04373946 0.04373946 0.04373946 0.04336761 0.04373988 0.33328518 0.03952034 0.04021975 0.03986809 0.03951960 0.33290303 0.33222420 0.03986208 0.33198601 0.03951998 0.00096147 0.00000066 0.00000066 
MW355944.1 0.33698731 0.33752058 0.33753400 0.33751991 0.33751991 0.33751991 0.33751991 0.33698280 0.33751991 0.33895093 0.33698731 0.33698731 0.33698731 0.33752058 0.33751991 0.33698280 0.33751991 0.33805262 0.33751991 0.06162120 0.33698280 0.33644514 0.34479185 0.33644964 0.00032029 0.04805264 0.33358508 0.34087054 0.33276160 0.33206289 0.33170773 0.00267824 0.00000066 0.33354992 0.00064073 0.00000066 0.00033363 0.00000066 0.08550197 0.33275612 0.33184513 0.00064073 0.01168247 0.06232550 0.05128801 0.00064073 0.00064073 0.00096134 0.00064073 0.00000000 0.33078096 0.03883478 0.04339363 0.04304919 0.04304919 0.04304919 0.04267814 0.04304960 0.33275985 0.03883588 0.03953432 0.03918318 0.03883516 0.33237738 0.33169905 0.03917729 0.33145853 0.03883553 0.00032033 0.00064073 0.00064073 
